
TRAIN

[-3.75989313  2.90302605]
[1.96593277 3.8838301 ]
[4.88235566 0.223086  ]
[-4.45748301 -1.02305569]
[4.61245282 4.61601681]
[-0.8518974  -4.77267112]
[-4.93848752 -4.23962546]
[-2.51964432 -4.27082352]
[4.57876162 4.59157168]
[-4.85841752 -2.81734371]
[-3.52878173  4.68929811]
[-4.70907165  3.67170686]
[-4.65843756 -1.4599375 ]
[-4.91261141 -3.98658708]
[3.60418244 4.71405269]
[-3.8592583  -2.94085697]
[0.84778057 3.49397679]
[-4.43632526 -0.48652812]
[-3.78582987  4.2123908 ]
[-4.55454025 -3.45266406]
[-4.74434001 -4.76765408]
[-3.67791222 -2.7064112 ]
[-4.98482498  0.60899252]
[-3.64063134  4.25374414]
[-4.01042661 -3.10648438]
[-1.6730215   4.77150637]
[2.90832371 4.410517  ]
[0.70369785 1.74628097]
[0.04312369 4.27777782]
[-3.1016586   4.32549002]
[-0.86136904  4.36216306]
[-3.37169402  3.18638724]
[-4.92748308 -1.2464138 ]
[ 4.75666263 -1.75806981]
[-2.25637603  3.92086124]
[ 0.05664445 -1.7753808 ]
[-2.37586364  4.27412158]
[1.79853105 3.50743067]
[-4.95670609 -3.60031958]
[ 4.83422123 -1.77968265]
[-4.18367812  4.42090279]
[-1.6196679   4.93734921]
[-2.15251916  2.42812636]
[-1.4641692   4.85524089]
[4.71477821 2.38027905]
[0.7941737  4.51782763]
[-3.33773693 -1.69953322]
[-3.85885068  3.80653745]
[-2.99195686  4.26296255]
[1.1641129  4.01301378]
[4.80989903 3.60747424]
[ 0.74341606 -4.13318084]
[-2.19360535  4.50727558]
[-2.6603992   4.58296135]
[4.7368582  4.44387748]
[-3.59084723 -4.55286325]
[ 4.36166272 -2.49378644]
[-4.38457469  4.7499876 ]
[-3.81908117 -3.7773707 ]
[-3.53819048  4.85692626]
[ 1.43535554 -4.45212108]
[3.6554383  4.73467801]
[-3.50489307  3.8416675 ]
[-4.86752139  2.29379517]
[-4.66544995 -4.18151436]
[-1.95791683  4.08988695]
[-2.61509764  2.54183958]
[-2.55346344 -4.70685217]
[2.49413505 4.01814125]
[1.13980071 4.0037839 ]
[1.32509591 3.70990668]
[2.0714448  4.97455674]
[-0.30501351  4.22058554]
[ 4.66399936 -1.70550415]
[-4.32930115  0.57605759]
[1.40227511 4.58584385]
[-4.42342736  0.65897244]
[-4.76610073 -1.80421369]
[-3.85979382  0.25034611]
[-3.73080815 -4.86454488]
[-2.31937159 -4.15939253]
[0.42039736 4.97849701]
[-2.11051668  4.62410839]
[4.64880294 0.80775115]
[-3.95291614 -4.08962747]
[-2.94138008  3.75165525]
[-4.77497896  3.8932346 ]
[0.78968047 3.8666697 ]
[-4.39406769 -4.65251022]
[-1.08222955  3.76246433]
[ 4.51557793 -4.75025241]
[-4.23664199 -3.30821095]
[3.96320411 3.03675778]
[-4.5618465  -4.21418312]
[-3.68474926 -3.25019432]
[-2.50143527  4.55287307]
[-4.07544932  4.24803439]
[-3.82532896  2.975015  ]
[4.39808284 1.04276178]
[-3.07213429  3.59832079]
[-2.96288953  3.96958923]
[-0.95725006  3.75129542]
[1.90103244 1.54821945]
[4.07766483 0.72068286]
[-2.97880814  1.80629205]
[-2.48098225 -4.01637992]
[-4.13616193  2.26105531]
[-3.91354363  4.03716436]
[-4.83126817  2.71228809]
[4.24290392 3.54476338]
[-4.77987227 -4.31052098]
[-4.9336382  -3.32485345]
[-4.89698747 -4.09184798]
[-3.14228755 -0.11157237]
[-4.25792949 -0.72763719]
[-0.18744861  4.25722143]
[-4.8425332  -4.53656676]
[-3.95373904  3.21559966]
[-4.10808374  4.85068766]
[-4.98703142 -1.64919863]
[-4.76335352 -4.88827228]
[4.54832125 2.07099018]
[-4.48975814  1.70865944]
[-4.31504287 -4.12866247]
[ 4.45698761 -1.62433976]
[4.36349718 4.86773816]
[-3.50908244  3.11321288]
[-1.92986988  0.76232017]
[-4.38674608  4.63064706]
[0.34123303 4.15411448]
[-3.20067084 -1.97864838]
[-3.82611371  3.23904679]
[-4.55611842  1.91192018]
[3.54829213 4.83711559]
[-3.68302781 -4.48067827]
[4.38825121 0.14894161]
[-3.40519129 -3.38836473]
[-4.25291743 -2.89055526]
[-4.87571593 -0.87417918]
[4.60465697 2.96512106]
[3.36763463 3.62374413]
[-4.91515295 -1.65479383]
[-4.91087193 -4.35135534]
[-3.08571995 -4.87021747]
[-3.31309148  4.45686223]
[-3.81972111  2.64029243]
[-4.8046356   0.89338577]
[-4.69889661 -4.85871184]
[-1.27790688  4.83910367]
[-3.08206969 -4.67629102]
[-4.36786244 -2.22037231]
[-3.79389192  1.12504338]
[-3.87801991 -3.26586717]
[-4.47873739 -3.98855004]
[1.02400352 4.68025887]
[-3.98802349  3.46553841]
[-2.40751784  4.48029006]
[-3.11038415  4.92238633]
[-2.89712793 -1.4382698 ]
[1.66618335 4.56091721]
[3.72905029 3.53781088]
[-4.56806979  3.32056986]
[ 2.40379722 -4.69966994]
[-2.37642649 -1.85017904]
[4.40517014 3.1636341 ]
[ 3.01192729 -3.36612008]
[-4.52044816  3.72368549]
[-2.05559197 -1.07636153]
[-3.207433    4.88918501]
[1.82468241 0.93939409]
[-3.61242213 -2.96568493]
[3.4143246  2.90075494]
[-4.92095769 -1.58122187]
[-1.0736755  -3.57426487]
[-4.10793738  2.7090175 ]
[3.66828516 3.21998193]
[-4.20957998 -4.12642969]
[ 4.51792559 -3.57598756]
[-0.51141645  4.94944019]
[-4.99000413  4.93107007]
[ 4.0083734  -1.49763731]
[-4.1583296   3.04708121]
[-4.18051389 -4.40513567]
[-1.84852644  4.55405508]
[4.34835507 3.77238253]
[-4.33001752 -2.52075871]
[ 4.84214881 -4.52774296]
[3.21900423 3.41907222]
[2.83413903 2.50492686]
[-3.36011824  0.4966009 ]
[4.16385226 4.06406175]
[-2.50522174 -3.37768542]
[-3.01493502  4.59544944]
[3.14486923 0.84139284]
[-4.63639182  3.64395019]
[-3.63196131 -2.87576311]
[-4.6774237  -0.37200214]
[-1.13217977 -3.28460178]
[-3.74677048 -4.90930104]
[-2.56006947  2.46546458]
