
TRAIN

TEST

[3.32957147 1.63016651]
[-2.37469574  2.55137819]
[ 4.80407309 -3.39330247]
[0.32385357 2.30945266]
[-3.06477703 -1.21999798]
[ 0.60380372 -3.98892197]
[-1.70703308 -0.75626824]
[4.18736555 0.16914553]
[3.08715393 1.1292793 ]
[ 1.13681279 -2.00952078]
[-3.68332542  2.00569951]
[2.41858287 4.77426416]
[ 1.16860769 -1.2740206 ]
[-3.28310883  3.34694538]
[-1.78448449 -0.72090046]
[-0.84857675  0.86611385]
[0.3772411  2.63028221]
[3.63206613 0.10561702]
[-3.88329897  0.74025509]
[1.83468359 3.21219548]
[-4.29596538 -0.29570511]
[ 3.75818564 -2.15516934]
[-3.05387783  1.5520311 ]
[ 1.60920042 -0.7346025 ]
[-4.9532995   2.00792015]
[1.49336333 0.34110448]
[1.9579954  3.94626185]
[-1.72595357 -3.42206374]
[ 2.27134894 -3.32292904]
[ 2.79701713 -2.82806584]
[-1.90506569  2.43196275]
[3.71292845 2.43080401]
[-4.63695426  2.8414882 ]
[0.72706333 2.95575515]
[ 3.0811939 -1.9996113]
[ 4.26778758 -0.8054567 ]
[ 1.87625511 -3.6424875 ]
[-4.3884272  -4.29921156]
[-3.48206088  1.23474784]
[-4.83531446 -0.74545507]
[ 2.24013001 -4.70982809]
[ 4.59022501 -0.2187698 ]
[-0.49514268  2.49462613]
[-3.64895165 -0.78411908]
[-1.59843341 -1.02849221]
[ 4.18702802 -1.80867804]
[0.49098927 0.99497006]
[-0.19708019  0.93025439]
[0.05404051 3.18842107]
[ 1.02263663 -0.46286837]
[-0.53280649 -3.28304616]
[ 3.20452497 -3.38663516]
[-2.30946212  0.23895525]
[-3.89947117  3.92636809]
[-2.70601778 -3.14400605]
[0.0527464  2.46043907]
[-3.35086068  3.88866306]
[ 3.55599292 -2.06106039]
[-0.76338748 -0.01753237]
[ 3.85455807 -2.7528375 ]
[-4.0370473  -4.88597616]
[-4.62870575 -4.09663627]
[1.57554925 1.37973467]
[ 4.93564185 -1.44773424]
[-1.11549    -3.13447753]
[-1.88703285 -2.79884454]
[4.29063676 2.44079529]
[4.48063049 4.21091868]
[-1.19615672  2.20079755]
[-1.78005464  0.79200415]
[-0.67521846  2.42001654]
[2.49510201 1.18292198]
[0.6643643  0.29817038]
[ 2.69363355 -0.67931459]
[ 0.61603063 -3.08558201]
[ 3.94681895 -3.07024704]
[2.35243555 3.93103657]
[ 4.21315178 -1.56699859]
[1.22935663 4.27510915]
[1.68667774 3.30948572]
[-4.58467535 -3.45478944]
[-2.5322423  -0.64769724]
[0.05496631 2.89327939]
[1.53464882 1.10779947]
[ 4.24423781 -3.89372577]
[-3.91573596 -1.76182944]
[0.02291505 1.15122874]
[ 2.67125411 -4.21044941]
[-4.70771269  0.75020039]
[2.76008327 0.52527161]
[0.72418145 4.95983942]
[2.43652005 2.95209154]
[-1.14086319  3.05332188]
[0.18464071 2.44077679]
[-2.71201764  4.76441395]
[4.46065045 1.67195043]
[ 4.51435159 -1.17683489]
[2.02136431 4.70576001]
[4.97506282 2.29549155]
[1.33639557 4.42686235]
[-2.41485058 -0.47517266]
[ 1.16252614 -0.9270915 ]
[ 3.61567635 -3.4511021 ]
[ 3.49049619 -2.50599817]
[-3.77419925  1.79083706]
[ 4.08659355 -4.06086447]
[-0.33584683  3.97994585]
[ 4.15040284 -4.55533398]
[-1.0490631  -2.46754552]
[-0.66747518  1.94327053]
[-2.59760077 -1.9820686 ]
[-1.53488661  3.17249536]
[0.73069193 2.02295616]
[ 4.54752447 -3.45770701]
[-1.0989868  -2.59289956]
[-1.17772775  3.73096926]
[ 2.78826743 -1.19694288]
[-2.86954472  0.01133819]
[-1.83548384  3.45790789]
[ 2.2245811  -4.44014454]
[ 2.56870927 -2.70394029]
[ 0.46195164 -1.55425113]
[3.03619922 4.55108339]
[-4.55006708  3.17815027]
[0.92289022 1.90154227]
[ 1.42658001 -2.07336587]
[-4.52656014 -2.11035953]
[-3.48383206  1.38259039]
[-3.94671522 -4.7719819 ]
[ 3.11759598 -4.51005701]
[-3.83221582 -0.14724403]
[3.38693803 2.39935875]
[4.99675699 3.70371   ]
[ 1.64346367 -1.70582038]
[-3.13989031 -1.35291294]
[0.89491163 3.89437068]
[-1.23949176 -3.71930181]
[3.42937726 0.99834028]
[4.9623806  2.65274184]
[-2.54703237  4.94449983]
[1.5957954  0.37811259]
[3.53223441 2.57167856]
[-2.57424189  0.1841249 ]
[-4.37370355 -2.87239586]
[0.76469115 4.76714166]
[-2.99424352  2.96240129]
[-0.64527894  3.18970342]
[ 2.36192938 -0.45565408]
[1.5636904  2.54258444]
[ 2.59026444 -0.58132605]
[-4.07792787  3.08668716]
[-2.33726792 -3.95384405]
[-2.15990887  3.64791591]
[ 3.5139719  -3.09906976]
[-3.61610979  2.7097176 ]
[-2.61215187 -0.38570247]
[-4.5783313  -3.56310317]
[-4.97539355  3.18107602]
[4.37135157 0.52342671]
[-4.52315571  4.88869447]
[ 4.86773141 -2.63955648]
[0.18050843 2.51128105]
[0.88218957 0.41263102]
[ 2.11582529 -2.04427455]
[ 4.32286509 -4.7400161 ]
[-1.57153181 -0.91538519]
[4.44632696 1.93282665]
[-4.35958991 -1.55827553]
[ 3.98518208 -4.19997642]
[-1.05524949  1.86945412]
[ 3.2223587  -1.42503064]
[4.26306391 3.1184271 ]
[-1.57436758 -0.78818095]
[2.28910391 1.66943303]
[-4.19853674 -3.24082806]
[-4.83306322  3.84501252]
[1.79695897 0.35963754]
[ 1.16414952 -3.9069029 ]
[ 1.22302775 -3.06602757]
[-4.59322704  3.80170919]
[-1.77690738 -2.04547373]
[-4.31952565  0.44661214]
[-2.44113786  4.07231836]
[3.80064011 1.53996777]
[ 2.77515136 -1.42808648]
[ 3.74528595 -3.26364575]
[-3.51050295  1.63667347]
[ 1.43756495 -2.59031612]
[-4.6211653   3.96920981]
[-3.10062475 -4.28135941]
[-2.66008277  0.12188089]
[-0.6668994  -2.33852731]
[4.37676011 3.66389442]
[-3.07328198 -1.98067657]
[-4.4960857  -1.98941285]
[ 1.59797342 -1.31440252]
[-4.77860165 -3.6957995 ]
[1.67360736 0.21811587]
[-4.82584659  2.65562181]
[-0.09161709 -4.77621697]
