min_value: -92.09
step y_value
0 4729608.943771615
1 2046360.1162894976
2 4453549.65220767
3 2338635.445057594
4 193466.57702717753
5 2615433.399564425
6 5064668.979097024
7 33553609.352604628
8 452738.52995846455
9 1850579.3668490201
10 2277484.9981671926
11 2052470.7310446938
12 533475.2899584237
13 27850187.09813083
14 4122815.712055037
15 14403.694859985995
16 114106.08960879853
17 181300.3099829927
18 5594778.085388097
19 5729181.085731198
20 73139.19515894724
21 135752.9894437328
22 1573.3522602434984
23 5843092.432199157
24 4173546.768072511
25 648369.8397710485
26 16015072.123921484
27 1790601.0661474853
28 140241.72971962034
29 526205.9550900805
30 207847.61862307895
31 522083.99630875647
32 346070.4362322422
33 6236786.188004836
34 4766767.8366802335
35 363272.1077226674
36 3998087.9866045224
37 5749694.099421712
38 633818.0170252642
39 1544457.3197134212
40 27791458.36760379
41 790.3018569587309
42 1847613.8176762268
43 4930087.098087028
44 5985579.642084999
45 44706628.641607024
46 5079421.112446896
47 1778771.073120166
48 854560.5499170627
49 5736102.3720429065
