min_value: -209.88
step y_value
0 11539748.695423124
1 5992.8014796788975
2 15184635.46179586
3 2844365.1118180933
4 18975647.985961102
5 9515651.31100608
6 23058412.727867756
7 10557639.681183295
8 650703.5620286284
9 335763.8272891534
10 9489531.058400344
11 17016926.880966693
12 6877632.5284072375
13 17447344.143411916
14 12187.871537032057
15 766215.0941971324
16 8629557.362375777
17 7069966.524465514
18 19401327.673005227
19 6067045.713281198
20 22325565.69047059
21 8946954.642496187
22 7490177.229370158
23 25528893.37928752
24 2058281.472520425
25 5554962.905319941
26 471791.24277285335
27 5307597.114677937
28 3607373.6821526466
29 115252.06263306555
30 4638775.0732499845
31 16079637.736825408
32 4477212.646043272
33 9468812.65812448
34 16831745.732507795
35 20583419.91983861
36 2755982.1200604467
37 10737733.846685117
38 7920274.402687858
39 10691012.729096085
40 3538903.812433203
41 4240455.603105698
42 1121669.5242907656
43 9679403.067824634
44 9459542.21165807
45 13690321.35072034
46 1812271.075245527
47 1622475.7253378844
48 9060528.15651848
49 21627677.515302535
