min_value: -92.09
step y_value
0 2557630.310035144
1 2722382.1639111596
2 298942.15128835716
3 3142580.4230568665
4 2148141.481192456
5 359589.62952398474
6 6934744.935524898
7 2144469.3814235074
8 292978.6014762744
9 457450.9819775299
10 29137.746672002697
11 278818.1783191642
12 282671.92742792383
13 3074959.194620273
14 839388.0235571192
15 1914791.3320769116
16 714772.4359387343
17 3273282.436936085
18 2521562.6685911296
19 2714932.1718390156
20 3247868.8281844463
21 5986627.217832037
22 633680.0239675574
23 776721.6262890011
24 17691306.70696112
25 1059750.1631809296
26 4654174.732851582
27 2615343.1042315206
28 3888589.374382945
29 3460912.8495372105
30 1955240.9397713167
31 9110744.151478725
32 148236.30041875615
33 8905128.22831749
34 8169495.18219954
35 3895352.1248537553
36 21994889.016927235
37 6974617.137600098
38 13358069.105034739
39 1105867.591182732
40 114494.12584126697
41 18444.388479898902
42 1956345.420480283
43 453610.71828241076
44 3419140.333902549
45 214175.54087047506
46 4048310.516223277
47 411589.37751418917
48 8078856.441271181
49 109438.52487368102
