min_value: -209.88
step y_value
0 10630295.088466467
1 5282998.064776319
2 3343212.2799450555
3 2298609.612239127
4 2046249.8450910398
5 11570164.909848444
6 6440205.159869573
7 1484460.1868131116
8 13005050.426578136
9 19780941.27998214
10 5319131.841187465
11 8760995.01608444
12 199827.88235707645
13 439732.8405840609
14 8440717.576015519
15 1545211.4701377559
16 2144990.450733973
17 7600421.370185853
18 3925.214872927273
19 7362582.420489511
20 154263.7320296054
21 18435701.60835006
22 16828687.84745709
23 10170580.168871615
24 14320589.553929556
25 11645286.412090594
26 2040119.9986525641
27 2621542.1348310467
28 19516540.458875112
29 12377768.201226594
30 5818024.023294667
31 15558493.307862481
32 7787.667752733812
33 13735770.23572398
34 209096.81399185237
35 23197803.368050583
36 19959453.777560916
37 10741080.749193886
38 18329193.503351867
39 5083179.144030954
40 14831734.93585971
41 19383955.5833207
42 33458.76166707932
43 13806271.168166788
44 4007725.6276055872
45 2483487.3450466394
46 17804197.719094075
47 10303965.037482928
48 10201915.800153729
49 10311293.82456176
