min_value: -92.09
step y_value
0 16377354.717675773
1 1375952.0039992405
2 27659141.284552358
3 4115223.5396604994
4 36632.25435024492
5 480934.7299727533
6 22295306.039201614
7 15920154.388074473
8 1660503.9919336028
9 30420794.413694073
10 1111243.740709639
11 9531379.810273692
12 7623791.987602305
13 31268557.664300725
14 202981.6208846224
15 38701760.97950369
16 31140331.37815474
17 20286745.24692608
18 2856.173199301514
19 6100981.840894355
20 616113.5859366548
21 33430439.34225614
22 19844055.481277976
23 42855536.7983768
24 35081273.878711544
25 5458559.458226428
26 77241.2573803461
27 31870144.95619684
28 6593347.221743468
29 29619946.07851571
30 2515388.0592186195
31 3180725.305630993
32 205820.53407732802
33 14392367.177654035
34 291081.84617388283
35 14464035.451410647
36 31592196.31257721
37 5085280.255916858
38 401640.1894655412
39 37890874.61085528
40 17511391.39538125
41 51965274.14842372
42 3181809.7760676863
43 2630311.865632704
44 117116.58817876288
45 27192.635869203106
46 3278084.097826249
47 6004075.14673693
48 6165536.958468978
49 26298719.51964655
