min_value: -92.09
step y_value
0 4445105.721165171
1 1823899.2366624803
2 2512217.071665767
3 2054564.7649578194
4 592068.8517870378
5 4861266.351653494
6 67256.5906928312
7 40421.97781200114
8 1043922.970389296
9 2084948.1632063421
10 54303.7528404366
11 637888.9248056116
12 4410678.3234236855
13 1758416.0378493266
14 5062889.74324218
15 1921328.2265643366
16 4559224.973242919
17 4994720.3210538095
18 517251.1984889592
19 1837901.93501878
20 688276.0320861959
21 508449.5726991551
22 2349385.542440274
23 3347661.2458975073
24 533133.9447988735
25 2403629.699294693
26 1375224.3557883669
27 3936179.2576197926
28 4115175.15901436
29 4010846.4276578748
30 16370.513208205528
31 159407.33060332277
32 4146313.820599713
33 31466532.34852532
34 4498629.541238168
35 5829409.659690571
36 12626955.254736474
37 1737770.2746325685
38 4935844.135106973
39 2460051.5820475784
40 3759046.6152181337
41 3102281.4508182853
42 9907.992743683142
43 3341246.971991674
44 1939260.1451550052
45 522296.01708195475
46 18782173.93337921
47 1613902.3055275478
48 900600.1831417725
49 3133525.5540130944
