min_value: -209.88
step y_value
0 17305005.455733333
1 3469849.0511889886
2 19415.07885705183
3 15542042.54155897
4 16439002.5524903
5 16455656.472673757
6 19754189.261304222
7 18966833.566457152
8 26172655.030550208
9 4847576.129463858
10 11107088.760294577
11 6082970.799192643
12 35106.93631313355
13 5653092.95589105
14 3571483.8583013145
15 7447637.127965326
16 30629.008465538624
17 18390450.232806005
18 3236551.467034838
19 1401508.3102899003
20 26169624.62323351
21 1430131.3628574251
22 27499113.633369196
23 195844.10001030422
24 12265452.728924638
25 11511418.66315137
26 17665769.20671437
27 1404161.9099218056
28 5812927.797292498
29 6413499.237800328
30 19921666.63885956
31 8105766.724499381
32 10010576.675695382
33 5271008.006372825
34 9790076.768133018
35 11335610.797887148
36 16889038.53204052
37 17988123.374483787
38 10289385.717154728
39 235298.7111529395
40 738639.5907757104
41 9906240.934340691
42 12255299.953470943
43 6670318.497892982
44 4065882.0234846
45 9513569.120894462
46 -136.07171525895183
47 15136089.344295666
48 2378715.3888301444
49 4009049.2077237107
