min_value: -209.88
step y_value
0 18697288.83318837
1 19842947.924390946
2 3934577.694321179
3 14117735.610675493
4 13401932.611429788
5 4493797.874664157
6 11349044.185040198
7 121270.73713384515
8 23741915.390911594
9 10528.081338428861
10 18757780.596836995
11 766244.6033694384
12 12830678.23361414
13 14273663.926301481
14 1789.8033778672134
15 4871.148686912685
16 17436850.417224698
17 2588454.5605397015
18 -128.82102425384102
19 16324898.979004959
20 223469.56799282067
21 135716.13290213194
22 18054182.721901674
23 16143951.372673688
24 1816365.894550627
25 4595233.251185965
26 3210615.700527417
27 12033769.476356363
28 12107602.294470713
29 2515287.1458940045
30 300072.2011921092
31 14128266.632841436
32 11879461.270856338
33 980797.8547374776
34 7871042.855799129
35 26149114.695422255
36 12408511.941582039
37 15430.985794541915
38 497364.48994797637
39 12803.777184978813
40 133186.5109417694
41 12216617.808264
42 4382119.388914972
43 12522588.16415374
44 1980713.8405499798
45 3667354.1544011915
46 240384.76166120308
47 16363936.179786986
48 4882979.341647858
49 4998403.686019961
