min_value: -209.88
step y_value
0 597989.9289204893
1 3889111.1332053063
2 9790510.38842949
3 550365.8358403342
4 2577497.5818808065
5 2132662.515713321
6 787.0918276025388
7 41.783362868915475
8 12049338.128745046
9 22558801.608796537
10 8966313.556021342
11 20427441.96299796
12 495294.51035620656
13 8125221.787923834
14 298414.05532601825
15 17275781.72751367
16 1860268.0595929415
17 1371893.5937402446
18 247116.04769142365
19 1481270.9225837567
20 1509609.3751265127
21 18814910.170292236
22 8170152.324347363
23 11549053.269217147
24 16403239.505790727
25 3312837.131657565
26 11144638.197231317
27 760160.0222790592
28 372372.7082508742
29 23000.269256670395
30 2851455.985308392
31 4668473.113433641
32 346280.153960026
33 929598.0580134485
34 1367116.182527655
35 20308293.113059197
36 15529479.295767581
37 10272653.261105428
38 2786594.273335412
39 23846885.612792123
40 7993047.393550009
41 749954.2154063304
42 5217708.216349343
43 37.97807809815956
44 1648057.1359381569
45 12810390.235939775
46 12166049.46333792
47 3383392.912588683
48 19706778.49525675
49 6158146.601251718
