min_value: -92.09
step y_value
0 26180875.23346255
1 2851235.932829324
2 3123182.631215887
3 165395.81981006332
4 18551933.47725829
5 16973046.19687063
6 819072.7979103185
7 29308682.235681534
8 8131010.952767903
9 15001.043862210605
10 30887153.345712453
11 265202.4762780472
12 38966572.66564016
13 35394964.86269594
14 44979484.95845115
15 105370.50501546182
16 2717401.984698813
17 4301103.468206869
18 2041563.6760110732
19 6766611.816480054
20 24525857.863580026
21 2005507.8941975853
22 16139161.112079078
23 413192.24904495385
24 12737295.290834393
25 11999709.276494032
26 5555.536000615796
27 24799513.59107125
28 4382417.42421157
29 14496978.940001382
30 2931039.8325571986
31 20437859.66023312
32 4503551.549322068
33 12573236.690951768
34 22017750.12488125
35 10454032.691138878
36 26979075.41144849
37 457925.79351050785
38 1940212.3865613155
39 5889101.862876886
40 985.9913941651954
41 1612489.4176900832
42 26883910.827130817
43 205120.02456901502
44 266961.19719282305
45 651720.8190017168
46 28981213.471100025
47 46359417.430583484
48 2274045.2718294575
49 17512751.29039983
