min_value: -247.11
step y_value
0 -193.25681758113973
1 -175.87422865530647
2 -232.5297406391258
3 -245.01174951546759
4 -220.72166661669385
5 -223.29788954569784
6 -222.85152582194377
7 -199.7222199458283
8 -156.4962292838361
9 -198.8282099509852
10 -182.69730212662853
11 -213.91799045472902
12 -193.4662123550043
13 -185.64926105159077
14 -179.50059882013946
15 -240.5994610325347
16 -218.52005193837468
17 -239.7524785030561
18 -243.08065931149
19 -238.74772416189614
20 -221.3881177132202
21 -215.45360310196276
22 -207.98632754835296
23 -224.6093636663794
24 -235.7032710764814
25 -229.47718880716192
26 -211.48751784468007
27 -185.02972155781072
28 -176.0177413118795
29 -183.12104036027256
30 -211.8457537672559
31 -239.79952915942158
32 -203.29009981297565
33 -186.03155774567097
34 -224.93277923924813
35 -223.87835650618814
36 -148.75472177354095
37 -231.2607317135234
38 -221.07506901082195
39 -171.42327608410432
40 -197.0775832633877
41 -231.25338203390027
42 -179.4125520913601
43 -225.43424379427586
44 -171.37466175325068
45 -196.83105353505167
46 -194.9010040700008
47 -192.6025852338173
48 -235.7170003226313
49 -228.5907977754446
