min_value: -152.04
step y_value
0 -140.1920005119992
1 -140.1620485650647
2 -128.5261112292088
3 -140.15521485896676
4 -130.71657898937815
5 -135.09299697609816
6 -134.66174185430108
7 -119.4568113151553
8 -128.0746280784857
9 -136.91625185410885
10 -130.67911014419857
11 -142.57619976787595
12 -127.43507994393204
13 -136.70169537941942
14 -138.04182912346187
15 -133.98891852821694
16 -134.84258039839827
17 -141.89229974939724
18 -130.54533630766264
19 -146.14789508380588
20 -133.27555103225976
21 -134.16411180873737
22 -127.74931568815684
23 -140.33782631831534
24 -133.06953725013796
25 -127.5319285649335
26 -134.18478655002966
27 -150.1038411807864
28 -133.06514732896653
29 -129.9843061255373
30 -133.10285462272483
31 -137.92741817936184
32 -135.6139335008006
33 -134.1716896402795
34 -130.98631856875053
35 -132.63348842592194
36 -122.23033545591873
37 -130.90281972976155
38 -134.6138565928692
39 -130.9242013458912
40 -136.69516640304448
41 -129.88762438073707
42 -137.22025143680384
43 -141.6350813883176
44 -140.65458797479243
45 -131.60291370489614
46 -147.32843013485044
47 -139.8813477132201
48 -138.99145193704723
49 -124.62963048734217
