min_value: -247.11
step y_value
0 -245.80004927966368
1 -174.3777979263437
2 -239.23546064585105
3 -227.06529272339
4 -195.32193198420435
5 -233.17025451565698
6 -199.0648358718987
7 -226.65513746972553
8 -233.03569963590513
9 -232.7504304002774
10 -243.01650249096124
11 -220.2483822233727
12 -243.65643038254808
13 -237.96052281640644
14 -233.82015348054998
15 -237.7648132533514
16 -227.24747936758928
17 -218.12033155019603
18 -231.23467426020187
19 -223.15961199034032
20 -206.16976807596006
21 -239.39986039667573
22 -182.88556338865013
23 -239.9771523907965
24 -233.76982750333008
25 -228.79028784986943
26 -212.29892031988732
27 -200.9042496166831
28 -226.42431883728386
29 -217.86635346362937
30 -204.7204757914363
31 -236.41813874279887
32 -167.65801587278855
33 -231.50793043390763
34 -244.3196125258629
35 -245.47034211132336
36 -235.6408161290263
37 -225.0467024001228
38 -226.5475950586026
39 -190.59788380519757
40 -227.07680716570118
41 -213.5527017914323
42 -186.0214275564905
43 -195.2600439052406
44 -235.42818863835507
45 -204.78736641224555
46 -235.53069440915243
47 -238.66600533193426
48 -245.17463433377537
49 -223.82842446253167
