min_value: -247.11
step y_value
0 -206.47926386328174
1 -242.18626474338484
2 -246.98287040758
3 -225.95185411687973
4 -234.20331852126014
5 -231.0724219187707
6 -244.3071228805724
7 -228.37037438631418
8 -230.92252931854838
9 -229.41910026424654
10 -225.27752969630967
11 -236.22784667874123
12 -245.56544526406856
13 -203.68979395387464
14 -235.99245783827345
15 -236.74303369612403
16 -239.40692398182549
17 -207.00859109237746
18 -221.83270676648326
19 -236.92489649209423
20 -237.21290918094087
21 -240.17061132481084
22 -245.20045018145902
23 -218.70311388874853
24 -244.92542184533613
25 -227.28292298126635
26 -224.13782734653478
27 -227.27154996265682
28 -245.880385115187
29 -219.53803595829578
30 -225.8185873665489
31 -238.2562981340561
32 -231.96398011358875
33 -235.65685001306397
34 -243.7570448467766
35 -232.22021866991003
36 -219.7423253924394
37 -239.96914257715062
38 -242.2733111881697
39 -230.1018031469829
40 -172.82918563956798
41 -234.5058347543543
42 -239.52893005667613
43 -230.9571116106713
44 -237.09635072551708
45 -200.36527131342055
46 -234.61925218531672
47 -223.9616334449545
48 -246.42186753944458
49 -232.4538673932821
