min_value: -152.04
step y_value
0 -145.92771794917482
1 -144.72632057491137
2 -129.91460734008132
3 -139.40569692185267
4 -136.54829271829422
5 -148.20830016866609
6 -146.7108544449315
7 -130.9323360612483
8 -140.16495801869476
9 -125.38422538849052
10 -130.5438697290387
11 -136.02367626941282
12 -150.06017563175644
13 -138.68000782469167
14 -141.1871659921625
15 -143.10587159992764
16 -124.89421265557644
17 -133.89073552276443
18 -128.80945780795096
19 -138.86265042616725
20 -136.96432318952174
21 -139.335535074407
22 -146.75072355064682
23 -126.62445741668144
24 -143.85331899788906
25 -124.2082964102301
26 -138.09567510234737
27 -144.3693886734569
28 -143.6462502367027
29 -126.75115671380141
30 -128.6968975696887
31 -136.29482778098503
32 -151.0580216230204
33 -130.86232836613746
34 -132.43093793510596
35 -138.77506646946208
36 -136.89769721771677
37 -121.26830910718101
38 -144.91056378058357
39 -140.45535246869977
40 -135.01344170463767
41 -144.94008565490762
42 -122.88831276487397
43 -141.3976262153475
44 -139.23630318065113
45 -131.2026000978687
46 -139.15300151915298
47 -142.85335659971577
48 -128.77216945582148
49 -131.4258513645412
