min_value: -152.04
step y_value
0 -136.36966685915408
1 -128.2758076461822
2 -142.20425149514767
3 -113.31078978187043
4 -127.43342836710568
5 -151.69935678337606
6 -142.0866577833956
7 -145.97368514569914
8 -124.6839157022041
9 -145.8024739193972
10 -107.81305392939709
11 -144.96665650600593
12 -137.14931117151602
13 -147.70991733544832
14 -148.22086011358297
15 -120.88039619032062
16 -132.24417629979934
17 -146.23246438743195
18 -146.16616119044784
19 -123.45595638836242
20 -133.5037685344249
21 -139.03260425133115
22 -150.79738455943317
23 -134.5249236249598
24 -141.10423879179146
25 -140.97981799023816
26 -129.72367184583652
27 -149.37964327088554
28 -149.80829209833954
29 -144.25876782478548
30 -119.733829473049
31 -108.5892046839482
32 -124.53461164909059
33 -136.65932083089052
34 -131.71942989917665
35 -145.1334380567808
36 -113.96796046005042
37 -142.0670972370666
38 -149.41936628546742
39 -119.05664135711638
40 -134.28949188346354
41 -143.1062856888724
42 -118.00702334926329
43 -145.45043251660653
44 -150.84695211112526
45 -130.05655293846053
46 -125.66534398205214
47 -131.2776945373291
48 -117.49711308630688
49 -117.36525271873023
