min_value: -152.04
step y_value
0 -132.83166711314547
1 -134.82193631121999
2 -145.52578918219936
3 -140.27022557660666
4 -136.27065485076537
5 -141.25432930809143
6 -121.60145984150965
7 -131.84140161077133
8 -148.6649623518994
9 -143.41757291318262
10 -145.5857178528275
11 -126.29817101059878
12 -127.74616254159112
13 -150.53626886340314
14 -138.00080674503226
15 -132.584900656369
16 -137.34717293073865
17 -126.18404423086126
18 -131.0775693083948
19 -133.83804150376662
20 -127.76834705267463
21 -121.40928216104157
22 -135.58379181419792
23 -137.51662903102053
24 -135.45960995621488
25 -125.78182001324527
26 -145.14233983667867
27 -140.03556032326108
28 -124.68341774348858
29 -143.96439624599975
30 -137.83996791062384
31 -125.7034547375518
32 -138.23300162320405
33 -137.79805420927906
34 -144.75714447599898
35 -138.51227081692156
36 -143.6330342084428
37 -147.21028346706615
38 -134.6172206214968
39 -132.46338915966533
40 -127.36017869533578
41 -144.65210736520578
42 -131.62813057841646
43 -139.9169579571538
44 -143.5168253620549
45 -147.43938363554724
46 -149.99040547914495
47 -141.87075253917854
48 -147.66691846958628
49 -147.0786910564445
