min_value: -247.11
step y_value
0 -239.94090767119823
1 -241.6153770926545
2 -238.48259125331163
3 -241.0071751787548
4 -233.63306768086287
5 -243.02127534748558
6 -230.9952865445261
7 -182.69646386832613
8 -202.1334128112402
9 -234.92730576784288
10 -212.1847011051985
11 -237.15267958516608
12 -246.53618940303673
13 -227.4923030980066
14 -241.44819018935138
15 -225.78329883425263
16 -231.71899112424325
17 -227.33499570928737
18 -226.39201226136575
19 -245.3943497239403
20 -236.04513327342008
21 -222.2742473837758
22 -184.14612452486134
23 -239.61780679126798
24 -242.84957503229242
25 -226.09765863368065
26 -234.298831683373
27 -234.37479264659768
28 -212.9268921285818
29 -233.926919782801
30 -223.8819617854108
31 -230.4470357578289
32 -246.1531338261012
33 -246.7755275022876
34 -234.8975340672612
35 -242.72279564962136
36 -236.4581430149169
37 -226.42177017529175
38 -237.46820700296854
39 -228.4512501278932
40 -236.31687671155973
41 -245.2887023649356
42 -238.03807737427323
43 -246.7147091890309
44 -218.2593511376183
45 -222.905724070876
46 -221.79082279944365
47 -226.67291759457004
48 -235.2171014382405
49 -227.21515508991388
