min_value: -247.11
step y_value
0 -221.80703226227618
1 -237.14305805150755
2 -174.03575006583065
3 -167.04826935080814
4 -234.60273846056177
5 -220.31659030412098
6 -229.7226864495203
7 -225.94859978966736
8 -245.38500700279343
9 -219.4949594946382
10 -157.5843313524631
11 -208.11041740879133
12 -220.24360311635343
13 -245.7373259884059
14 -177.9247857293496
15 -232.8785725318966
16 -212.56798152821165
17 -184.6298932551855
18 -227.5711245002725
19 -235.63225107257685
20 -207.6961862275573
21 -240.43030890372216
22 -242.06312455390875
23 -196.18841290386868
24 -222.13106341819886
25 -245.90179921891618
26 -213.0377297361146
27 -227.70038163750024
28 -238.29076323035466
29 -246.03098820508183
30 -238.23900659361817
31 -174.47382004461755
32 -245.03800160251416
33 -238.42402257843625
34 -208.66316706879363
35 -162.23039787227046
36 -201.97517646906564
37 -245.81967687480883
38 -240.1609592266152
39 -201.02257741382144
40 -238.0886486202222
41 -200.49608636277037
42 -229.55428316557368
43 -211.71729335955112
44 -232.69352399170523
45 -240.65211322183313
46 -226.71190907646454
47 -202.85943898678158
48 -239.65062585627487
49 -240.99095226554448
