min_value: -152.04
step y_value
0 -121.01309389079924
1 -140.69890110189652
2 -133.45032495883163
3 -140.88958414686127
4 -90.81380625124228
5 -142.99737508836148
6 -148.385896358357
7 -137.75507766471137
8 -109.06030657469955
9 -126.57795474627305
10 -130.22798876344038
11 -138.00648879612314
12 -128.00505077810632
13 -114.5820044684312
14 -101.57948601605503
15 -150.4746924089451
16 -149.6026740822637
17 -142.5178278309219
18 -141.8398059272192
19 -151.8292320753987
20 -125.0894082182814
21 -124.5177842414534
22 -148.46565441847576
23 -143.93953692060254
24 -128.08222572056096
25 -141.16939239855603
26 -139.8678141515893
27 -133.03732732939423
28 -145.8033223440878
29 -119.1894649545729
30 -134.97470697457908
31 -114.8685135385308
32 -149.27622908965947
33 -146.9557582316629
34 -146.9640686174912
35 -121.73203363413987
36 -142.68704744599137
37 -116.37225004714278
38 -142.5795372165842
39 -131.3915180131894
40 -138.99521726782905
41 -128.26751574534015
42 -147.9304553625963
43 -118.86544388210035
44 -138.89970908979177
45 -130.72530807028792
46 -128.30242283826428
47 -126.23438861181764
48 -129.38769539203042
49 -105.58356580729301
